$ANSIBLE_VAULT;1.1;AES256
38343866633430386135336664633866663833623161653036643232323564653235623331323638
6436376365393236656565363764386439626230636334320a303334643561386336626130346436
32373331613838363031353334333432353262653532386462306435636237613665626235373130
3638303638343661620a653538336139663862363965376564343966343230643061643666333333
64373633613032306262623466623639356539356336636563643436646239333335653661623138
37646537333833643235656464333533343133396633333835366631336337626539313163653430
66643763386139653338383133343539663135663132383338383639343634313938623032306365
31663732323735343765643532376438396332393631383330613766626563623035366637396532
66663936643539623564633739336633633230353733396161633063653066303563393235316632
65353739623938613233376631363264653235353366336663623762343738383766646632373662
63393535373063363666333362343135306165336536326466663965393430616635316435653562
62366464383330386365366136363337656263616264393635623037313035366232393261383932
35343363373731393966653430333034663139383037623533326539646633336336656261343635
66353933356436646235343332356433303937643632343039643335626662653838666662333338
63383939616335383839623737636139353539626633643639343566373438633038656565323634
64313666363934376466346432653937633661336139633164646232363236366632656261366364
38626161396232643333313663666461666137363566393939653434393236326631353939306239
35636661316139643638656662363938346439343963363961363333643532303263356631306263
32323438653763306631336365333564613636376237373466373439356239346661363366393837
63353830383465623237353363636338306661333032643836363461623664383834396536343462
39393931653239386531383039343437363561323839313464656264393630306564313066633431
65356166346366333236326534366463313137366633613038306539356239396632623161396161
38353662303061316165333435636334313239366664356631323835333863313162313237373630
66623739623734326566376461633834393466316137663464313963343764633136383465353237
6333
